0.000000,Main.c,L_string,Game Start
0.000000,GameStateStack.c,L_StatePush,ShipSelect
0.202162,Engine.c,L_time,0.202162,0.202162,0.202162,1.000000
0.234307,Engine.c,L_time,0.234307,0.234307,0.032145,1.000000
0.251467,Engine.c,L_time,0.251467,0.251467,0.017159,1.000000
0.269344,Engine.c,L_time,0.269344,0.269344,0.017877,1.000000
0.286030,Engine.c,L_time,0.286030,0.286030,0.016686,1.000000
0.302703,Engine.c,L_time,0.302703,0.302703,0.016674,1.000000
0.319382,Engine.c,L_time,0.319382,0.319382,0.016679,1.000000
0.336056,Engine.c,L_time,0.336056,0.336056,0.016673,1.000000
0.352895,Engine.c,L_time,0.352895,0.352895,0.016840,1.000000
0.369526,Engine.c,L_time,0.369526,0.369526,0.016631,1.000000
0.386372,Engine.c,L_time,0.386372,0.386372,0.016846,1.000000
0.403066,Engine.c,L_time,0.403066,0.403066,0.016694,1.000000
0.419736,Engine.c,L_time,0.419736,0.419736,0.016670,1.000000
0.436409,Engine.c,L_time,0.436409,0.436409,0.016673,1.000000
0.453078,Engine.c,L_time,0.453078,0.453078,0.016669,1.000000
0.469899,Engine.c,L_time,0.469899,0.469899,0.016821,1.000000
0.486715,Engine.c,L_time,0.486715,0.486715,0.016816,1.000000
0.503549,Engine.c,L_time,0.503549,0.503549,0.016834,1.000000
0.520374,Engine.c,L_time,0.520374,0.520374,0.016825,1.000000
0.537160,Engine.c,L_time,0.537160,0.537160,0.016786,1.000000
0.553997,Engine.c,L_time,0.553997,0.553997,0.016837,1.000000
0.570665,Engine.c,L_time,0.570665,0.570665,0.016668,1.000000
0.587341,Engine.c,L_time,0.587341,0.587341,0.016676,1.000000
0.604016,Engine.c,L_time,0.604016,0.604016,0.016675,1.000000
0.620691,Engine.c,L_time,0.620691,0.620691,0.016675,1.000000
0.637364,Engine.c,L_time,0.637364,0.637364,0.016673,1.000000
0.654142,Engine.c,L_time,0.654142,0.654142,0.016778,1.000000
0.671003,Engine.c,L_time,0.671003,0.671003,0.016861,1.000000
0.688073,Engine.c,L_time,0.688073,0.688073,0.017070,1.000000
0.704900,Engine.c,L_time,0.704900,0.704900,0.016827,1.000000
0.721809,Engine.c,L_time,0.721809,0.721809,0.016909,1.000000
0.738734,Engine.c,L_time,0.738734,0.738734,0.016925,1.000000
0.755547,Engine.c,L_time,0.755547,0.755547,0.016813,1.000000
0.772381,Engine.c,L_time,0.772381,0.772381,0.016834,1.000000
0.789873,Engine.c,L_time,0.789873,0.789873,0.017492,1.000000
0.806616,Engine.c,L_time,0.806616,0.806616,0.016742,1.000000
0.823547,Engine.c,L_time,0.823547,0.823547,0.016932,1.000000
0.840413,Engine.c,L_time,0.840413,0.840413,0.016866,1.000000
0.857649,Engine.c,L_time,0.857649,0.857649,0.017236,1.000000
0.874481,Engine.c,L_time,0.874481,0.874481,0.016832,1.000000
0.891460,Engine.c,L_time,0.891460,0.891460,0.016979,1.000000
0.908288,Engine.c,L_time,0.908288,0.908288,0.016828,1.000000
0.925088,Engine.c,L_time,0.925088,0.925088,0.016800,1.000000
0.941929,Engine.c,L_time,0.941929,0.941929,0.016841,1.000000
0.958725,Engine.c,L_time,0.958725,0.958725,0.016796,1.000000
0.975532,Engine.c,L_time,0.975532,0.975532,0.016807,1.000000
0.992320,Engine.c,L_time,0.992320,0.992320,0.016789,1.000000
1.008995,Engine.c,L_time,1.008995,1.008995,0.016675,1.000000
1.025681,Engine.c,L_time,1.025681,1.025681,0.016686,1.000000
1.042373,Engine.c,L_time,1.042373,1.042373,0.016692,1.000000
1.059025,Engine.c,L_time,1.059025,1.059025,0.016652,1.000000
1.075714,Engine.c,L_time,1.075714,1.075714,0.016688,1.000000
1.092375,Engine.c,L_time,1.092375,1.092375,0.016661,1.000000
1.109045,Engine.c,L_time,1.109045,1.109045,0.016671,1.000000
1.125728,Engine.c,L_time,1.125728,1.125728,0.016683,1.000000
1.142394,Engine.c,L_time,1.142394,1.142394,0.016666,1.000000
1.159063,Engine.c,L_time,1.159063,1.159063,0.016669,1.000000
1.175740,Engine.c,L_time,1.175740,1.175740,0.016677,1.000000
1.192516,Engine.c,L_time,1.192516,1.192516,0.016776,1.000000
1.209310,Engine.c,L_time,1.209310,1.209310,0.016794,1.000000
1.226105,Engine.c,L_time,1.226105,1.226105,0.016795,1.000000
1.242898,Engine.c,L_time,1.242898,1.242898,0.016793,1.000000
1.259574,Engine.c,L_time,1.259574,1.259574,0.016676,1.000000
1.276249,Engine.c,L_time,1.276249,1.276249,0.016675,1.000000
1.292923,Engine.c,L_time,1.292923,1.292923,0.016674,1.000000
1.309592,Engine.c,L_time,1.309592,1.309592,0.016670,1.000000
1.326266,Engine.c,L_time,1.326266,1.326266,0.016674,1.000000
1.342937,Engine.c,L_time,1.342937,1.342937,0.016671,1.000000
1.359609,Engine.c,L_time,1.359609,1.359609,0.016672,1.000000
1.376280,Engine.c,L_time,1.376280,1.376280,0.016672,1.000000
1.392952,Engine.c,L_time,1.392952,1.392952,0.016672,1.000000
1.409624,Engine.c,L_time,1.409624,1.409624,0.016672,1.000000
1.426298,Engine.c,L_time,1.426298,1.426298,0.016674,1.000000
1.442970,Engine.c,L_time,1.442970,1.442970,0.016671,1.000000
1.459641,Engine.c,L_time,1.459641,1.459641,0.016671,1.000000
1.476319,Engine.c,L_time,1.476319,1.476319,0.016678,1.000000
1.492993,Engine.c,L_time,1.492993,1.492993,0.016674,1.000000
1.509667,Engine.c,L_time,1.509667,1.509667,0.016673,1.000000
1.526340,Engine.c,L_time,1.526340,1.526340,0.016673,1.000000
1.543011,Engine.c,L_time,1.543011,1.543011,0.016671,1.000000
1.559683,Engine.c,L_time,1.559683,1.559683,0.016672,1.000000
1.576355,Engine.c,L_time,1.576355,1.576355,0.016672,1.000000
1.593028,Engine.c,L_time,1.593028,1.593028,0.016672,1.000000
1.609699,Engine.c,L_time,1.609699,1.609699,0.016672,1.000000
1.626371,Engine.c,L_time,1.626371,1.626371,0.016672,1.000000
1.643045,Engine.c,L_time,1.643045,1.643045,0.016674,1.000000
1.659717,Engine.c,L_time,1.659717,1.659717,0.016671,1.000000
1.676392,Engine.c,L_time,1.676392,1.676392,0.016676,1.000000
1.693069,Engine.c,L_time,1.693069,1.693069,0.016677,1.000000
1.709737,Engine.c,L_time,1.709737,1.709737,0.016668,1.000000
1.726411,Engine.c,L_time,1.726411,1.726411,0.016674,1.000000
1.743088,Engine.c,L_time,1.743088,1.743088,0.016676,1.000000
1.759755,Engine.c,L_time,1.759755,1.759755,0.016668,1.000000
1.776429,Engine.c,L_time,1.776429,1.776429,0.016673,1.000000
1.793103,Engine.c,L_time,1.793103,1.793103,0.016674,1.000000
1.809774,Engine.c,L_time,1.809774,1.809774,0.016671,1.000000
1.826446,Engine.c,L_time,1.826446,1.826446,0.016672,1.000000
1.843119,Engine.c,L_time,1.843119,1.843119,0.016672,1.000000
1.859790,Engine.c,L_time,1.859790,1.859790,0.016672,1.000000
1.876466,Engine.c,L_time,1.876466,1.876466,0.016676,1.000000
1.893145,Engine.c,L_time,1.893145,1.893145,0.016679,1.000000
1.909834,Engine.c,L_time,1.909834,1.909834,0.016689,1.000000
1.926492,Engine.c,L_time,1.926492,1.926492,0.016658,1.000000
1.943163,Engine.c,L_time,1.943163,1.943163,0.016671,1.000000
1.959835,Engine.c,L_time,1.959835,1.959835,0.016672,1.000000
1.976506,Engine.c,L_time,1.976506,1.976506,0.016671,1.000000
1.993181,Engine.c,L_time,1.993181,1.993181,0.016675,1.000000
2.009873,Engine.c,L_time,2.009873,2.009873,0.016692,1.000000
2.009873,GameStateStack.c,L_StatePush,(null)
2.009873,GameStateStack.c,L_StatePop,ShipSelect
