0.000000,Main.c,L_string,Game Start
0.000000,GameStateStack.c,L_StatePush,ShipSelect
0.109248,Engine.c,L_time,0.109248,0.109248,0.109248,1.000000
0.145627,Engine.c,L_time,0.145627,0.145627,0.036379,1.000000
0.162217,Engine.c,L_time,0.162217,0.162217,0.016589,1.000000
0.178894,Engine.c,L_time,0.178894,0.178894,0.016677,1.000000
0.195858,Engine.c,L_time,0.195858,0.195858,0.016964,1.000000
0.212463,Engine.c,L_time,0.212463,0.212463,0.016606,1.000000
0.229257,Engine.c,L_time,0.229257,0.229257,0.016794,1.000000
0.245934,Engine.c,L_time,0.245934,0.245934,0.016677,1.000000
0.262608,Engine.c,L_time,0.262608,0.262608,0.016675,1.000000
0.279382,Engine.c,L_time,0.279382,0.279382,0.016774,1.000000
0.295954,Engine.c,L_time,0.295954,0.295954,0.016572,1.000000
0.313137,Engine.c,L_time,0.313137,0.313137,0.017182,1.000000
0.329420,Engine.c,L_time,0.329420,0.329420,0.016283,1.000000
0.346209,Engine.c,L_time,0.346209,0.346209,0.016788,1.000000
0.362888,Engine.c,L_time,0.362888,0.362888,0.016680,1.000000
0.379569,Engine.c,L_time,0.379569,0.379569,0.016681,1.000000
0.396345,Engine.c,L_time,0.396345,0.396345,0.016775,1.000000
0.413993,Engine.c,L_time,0.413993,0.413993,0.017648,1.000000
0.430728,Engine.c,L_time,0.430728,0.430728,0.016735,1.000000
0.448964,Engine.c,L_time,0.448964,0.448964,0.018236,1.000000
0.465591,Engine.c,L_time,0.465591,0.465591,0.016627,1.000000
0.482585,Engine.c,L_time,0.482585,0.482585,0.016994,1.000000
0.499293,Engine.c,L_time,0.499293,0.499293,0.016708,1.000000
0.516122,Engine.c,L_time,0.516122,0.516122,0.016829,1.000000
0.533007,Engine.c,L_time,0.533007,0.533007,0.016885,1.000000
0.549907,Engine.c,L_time,0.549907,0.549907,0.016900,1.000000
0.566715,Engine.c,L_time,0.566715,0.566715,0.016808,1.000000
0.583626,Engine.c,L_time,0.583626,0.583626,0.016912,1.000000
0.600852,Engine.c,L_time,0.600852,0.600852,0.017226,1.000000
0.617671,Engine.c,L_time,0.617671,0.617671,0.016819,1.000000
0.634349,Engine.c,L_time,0.634349,0.634349,0.016678,1.000000
0.651025,Engine.c,L_time,0.651025,0.651025,0.016676,1.000000
0.668353,Engine.c,L_time,0.668353,0.668353,0.017328,1.000000
0.684487,Engine.c,L_time,0.684487,0.684487,0.016134,1.000000
0.701064,Engine.c,L_time,0.701064,0.701064,0.016577,1.000000
0.717753,Engine.c,L_time,0.717753,0.717753,0.016690,1.000000
0.734551,Engine.c,L_time,0.734551,0.734551,0.016798,1.000000
0.751365,Engine.c,L_time,0.751365,0.751365,0.016814,1.000000
0.768160,Engine.c,L_time,0.768160,0.768160,0.016794,1.000000
0.785622,Engine.c,L_time,0.785622,0.785622,0.017462,1.000000
0.802471,Engine.c,L_time,0.802471,0.802471,0.016849,1.000000
0.819269,Engine.c,L_time,0.819269,0.819269,0.016799,1.000000
0.836067,Engine.c,L_time,0.836067,0.836067,0.016797,1.000000
0.852877,Engine.c,L_time,0.852877,0.852877,0.016811,1.000000
0.869675,Engine.c,L_time,0.869675,0.869675,0.016798,1.000000
0.886467,Engine.c,L_time,0.886467,0.886467,0.016792,1.000000
0.903264,Engine.c,L_time,0.903264,0.903264,0.016798,1.000000
0.920057,Engine.c,L_time,0.920057,0.920057,0.016792,1.000000
0.936731,Engine.c,L_time,0.936731,0.936731,0.016675,1.000000
0.953531,Engine.c,L_time,0.953531,0.953531,0.016799,1.000000
0.970202,Engine.c,L_time,0.970202,0.970202,0.016672,1.000000
0.986996,Engine.c,L_time,0.986996,0.986996,0.016794,1.000000
1.003674,Engine.c,L_time,1.003674,1.003674,0.016677,1.000000
1.020536,Engine.c,L_time,1.020536,1.020536,0.016862,1.000000
1.037428,Engine.c,L_time,1.037428,1.037428,0.016892,1.000000
1.054206,Engine.c,L_time,1.054206,1.054206,0.016778,1.000000
1.070882,Engine.c,L_time,1.070882,1.070882,0.016676,1.000000
1.087674,Engine.c,L_time,1.087674,1.087674,0.016793,1.000000
1.104468,Engine.c,L_time,1.104468,1.104468,0.016793,1.000000
1.121299,Engine.c,L_time,1.121299,1.121299,0.016832,1.000000
1.137976,Engine.c,L_time,1.137976,1.137976,0.016677,1.000000
1.154769,Engine.c,L_time,1.154769,1.154769,0.016793,1.000000
1.171563,Engine.c,L_time,1.171563,1.171563,0.016794,1.000000
1.188384,Engine.c,L_time,1.188384,1.188384,0.016822,1.000000
1.205178,Engine.c,L_time,1.205178,1.205178,0.016793,1.000000
1.222162,Engine.c,L_time,1.222162,1.222162,0.016984,1.000000
1.238948,Engine.c,L_time,1.238948,1.238948,0.016786,1.000000
1.255743,Engine.c,L_time,1.255743,1.255743,0.016795,1.000000
1.272537,Engine.c,L_time,1.272537,1.272537,0.016794,1.000000
1.289332,Engine.c,L_time,1.289332,1.289332,0.016795,1.000000
1.306125,Engine.c,L_time,1.306125,1.306125,0.016793,1.000000
1.322960,Engine.c,L_time,1.322960,1.322960,0.016836,1.000000
1.339741,Engine.c,L_time,1.339741,1.339741,0.016780,1.000000
1.356532,Engine.c,L_time,1.356532,1.356532,0.016791,1.000000
1.373206,Engine.c,L_time,1.373206,1.373206,0.016674,1.000000
1.389878,Engine.c,L_time,1.389878,1.389878,0.016672,1.000000
1.406550,Engine.c,L_time,1.406550,1.406550,0.016672,1.000000
1.423224,Engine.c,L_time,1.423224,1.423224,0.016674,1.000000
1.439898,Engine.c,L_time,1.439898,1.439898,0.016674,1.000000
1.456570,Engine.c,L_time,1.456570,1.456570,0.016672,1.000000
1.473242,Engine.c,L_time,1.473242,1.473242,0.016672,1.000000
1.489915,Engine.c,L_time,1.489915,1.489915,0.016673,1.000000
1.506588,Engine.c,L_time,1.506588,1.506588,0.016674,1.000000
1.523259,Engine.c,L_time,1.523259,1.523259,0.016670,1.000000
1.539955,Engine.c,L_time,1.539955,1.539955,0.016696,1.000000
1.556612,Engine.c,L_time,1.556612,1.556612,0.016656,1.000000
1.573282,Engine.c,L_time,1.573282,1.573282,0.016670,1.000000
1.589977,Engine.c,L_time,1.589977,1.589977,0.016695,1.000000
1.606634,Engine.c,L_time,1.606634,1.606634,0.016657,1.000000
1.623303,Engine.c,L_time,1.623303,1.623303,0.016669,1.000000
1.639981,Engine.c,L_time,1.639981,1.639981,0.016678,1.000000
1.656656,Engine.c,L_time,1.656656,1.656656,0.016675,1.000000
1.673327,Engine.c,L_time,1.673327,1.673327,0.016671,1.000000
1.690346,Engine.c,L_time,1.690346,1.690346,0.017019,1.000000
1.706680,Engine.c,L_time,1.706680,1.706680,0.016334,1.000000
1.723349,Engine.c,L_time,1.723349,1.723349,0.016669,1.000000
1.740044,Engine.c,L_time,1.740044,1.740044,0.016695,1.000000
1.756702,Engine.c,L_time,1.756702,1.756702,0.016658,1.000000
1.773370,Engine.c,L_time,1.773370,1.773370,0.016668,1.000000
1.790065,Engine.c,L_time,1.790065,1.790065,0.016695,1.000000
1.806722,Engine.c,L_time,1.806722,1.806722,0.016657,1.000000
1.823391,Engine.c,L_time,1.823391,1.823391,0.016669,1.000000
1.840096,Engine.c,L_time,1.840096,1.840096,0.016704,1.000000
1.856747,Engine.c,L_time,1.856747,1.856747,0.016652,1.000000
1.873469,Engine.c,L_time,1.873469,1.873469,0.016722,1.000000
1.890113,Engine.c,L_time,1.890113,1.890113,0.016644,1.000000
1.906773,Engine.c,L_time,1.906773,1.906773,0.016659,1.000000
1.923442,Engine.c,L_time,1.923442,1.923442,0.016669,1.000000
1.940136,Engine.c,L_time,1.940136,1.940136,0.016695,1.000000
1.956789,Engine.c,L_time,1.956789,1.956789,0.016653,1.000000
1.973462,Engine.c,L_time,1.973462,1.973462,0.016673,1.000000
1.990158,Engine.c,L_time,1.990158,1.990158,0.016695,1.000000
2.006815,Engine.c,L_time,2.006815,2.006815,0.016658,1.000000
2.023485,Engine.c,L_time,2.023485,2.023485,0.016670,1.000000
2.040179,Engine.c,L_time,2.040179,2.040179,0.016694,1.000000
2.056837,Engine.c,L_time,2.056837,2.056837,0.016658,1.000000
2.073513,Engine.c,L_time,2.073513,2.073513,0.016676,1.000000
2.090875,Engine.c,L_time,2.090875,2.090875,0.017362,1.000000
2.106865,Engine.c,L_time,2.106865,2.106865,0.015990,1.000000
2.123538,Engine.c,L_time,2.123538,2.123538,0.016673,1.000000
2.140212,Engine.c,L_time,2.140212,2.140212,0.016673,1.000000
2.156883,Engine.c,L_time,2.156883,2.156883,0.016671,1.000000
2.173555,Engine.c,L_time,2.173555,2.173555,0.016673,1.000000
2.190346,Engine.c,L_time,2.190346,2.190346,0.016791,1.000000
2.206924,Engine.c,L_time,2.206924,2.206924,0.016578,1.000000
2.223593,Engine.c,L_time,2.223593,2.223593,0.016669,1.000000
2.240305,Engine.c,L_time,2.240305,2.240305,0.016712,1.000000
2.256948,Engine.c,L_time,2.256948,2.256948,0.016643,1.000000
2.273614,Engine.c,L_time,2.273614,2.273614,0.016666,1.000000
2.290385,Engine.c,L_time,2.290385,2.290385,0.016771,1.000000
2.306985,Engine.c,L_time,2.306985,2.306985,0.016599,1.000000
2.323665,Engine.c,L_time,2.323665,2.323665,0.016680,1.000000
2.340335,Engine.c,L_time,2.340335,2.340335,0.016670,1.000000
2.357011,Engine.c,L_time,2.357011,2.357011,0.016676,1.000000
2.373682,Engine.c,L_time,2.373682,2.373682,0.016671,1.000000
2.390370,Engine.c,L_time,2.390370,2.390370,0.016688,1.000000
2.407034,Engine.c,L_time,2.407034,2.407034,0.016664,1.000000
2.407034,GameStateStack.c,L_StatePush,(null)
2.407034,GameStateStack.c,L_StatePop,ShipSelect
